605,21;620,41;0,0;0,0;0,0;0,0;
609,27;624,47;0,0;0,0;0,0;0,0;
613,34;628,54;0,0;0,0;0,0;0,0;
617,38;632,58; 0,0;0,0;0,0;0,0;
621,44;636,64;1142,702;0,0;0,0;0,0;                                                      
625,49;640,69;1134,706;0,0;0,0;0,0;
629,55;644,75;1126,710; 0,0;0,0;0,0;
633,60;648,80;1118,714;1138,704;0,0;0,0;                                                        
638,66;652,86;1110,718;1130,708;0,0;0,0;                 
642,71;657,91;1102,722;1122,712;0,0;0,0;
646,76;661,96;1094,726;1114,716;0,0;0,0;
650,82;665,102;1086,730;1106,720;0,0;0,0;
654,87;670,107;1078,734;1098,724;0,0;0,0;
658,93;674,113;1070,736;1090,726;0,0;0,0;
663,98;680,118;1062,742;1082,732;0,0;0,0;
667,103;684,123;1054,746;1074,736;0,0;0,0;                                                                                                                    
671,108;684,129;1046,750;1066,740;0,0;0,0;
675,113;683,134;1038,754;1058,744;0,0;0,0;                                                                                           
678,118;679,138;1030,758;1050,748;0,0;0,0;
682,122;675,141;1022,762;1042,752;0,0;0,0;
685,126;672,145;1014,766;1034,756;0,0;0,0;                                                                                                                        
684,130;667,150;1006,770;1026,760;0,0;0,0;
683,134;663,154;998,774;1018,764;0,0;0,0;                                                                                            
680,137;660,157;990,778;1010,768;0,0;0,0;
676,141;656,161;982,782;1002,772;0,0;0,0;
672,145;652,165;974,786;994,776;0,0;0,0;
669,148;649,168;966,790;986,780;0,0;0,0;
665,152;645,172;958,794;978,784;0,0;0,0;
661,156;641,176;950,798;970,788;0,0;0,0;
656,161;636,181;942,802;962,790;0,0;0,0;
652,165;632,185;934,806;954,796;0,0;0,0;         
647,170;627,190;926,810;946,800;0,0;0,0;
643,175;623,195;918,814;938,804;0,0;0,0;
638,180;618,200;910,818;930,808;0,0;0,0;
634,184;614,204;902,822;922,812;0,0;0,0;                                                                                                                                                
629,189;609,209;896,821;916,811;0,0;0,0;                                                                                                                                                                  
625,193;605,213;889,819;909,809;0,0;0,0;
620,198;600,218;883,818;903,808;0,0;0,0;
615,202;595,222;876,816;896,806;0,0;0,0;
610,207;590,227;870,815;890,805;0,0;0,0;
606,211;586,231;863,814;883,804;0,0;0,0;
601,216;581,236;857,813;877,803;0,0;0,0;
597,220;577,240;850,811;870,801;0,0;0,0;
592,225;572,245;844,810;864,800;0,0;0,0;
588,230;568,250;837,809;857,799;0,0;0,0;         
583,235;563,255;831,808;851,798;0,0;0,0;
579,239;559,259;824,806;844,796;0,0;0,0;                                                                                                                                    
574,244;554,264;818,805;838,795;0,0;0,0;
569,249;549,269;811,803;831,793;0,0;0,0;
564,254;544,274;805,802;825,792;0,0;0,0;
559,259;539,279;798,800;818,790;0,0;0,0;
554,264;534,284;792,799;812,789;0,0;0,0;
548,270;528,290;785,798;805,788;0,0;0,0;
542,276;522,296;779,797;799,787;0,0;0,0;
537,281;517,301;772,795;792,785;0,0;0,0;
531,287;511,307;766,794;786,784;0,0;0,0;
526,292;506,312;759,792;779,782;0,0;0,0;
520,298;500,318;753,790;773,780;0,0;0,0;
514,303;494,323;746,787;766,777;0,0;0,0;
508,309;488,329;739,785;759,775;0,0;0,0;
503,314;483,334;732,782;752,772;0,0;0,0;
497,320;477,340;725,780;745,770;0,0;0,0;
492,325;472,345;718,777;738,767;0,0;0,0;
486,331;466,351;711,775;731,765;0,0;0,0;
480,337;460,357;704,772;724,762;0,0;0,0;
474,343;454,363;697,769;717,759;0,0;0,0;
469,348;449,368;690,766;710,756;0,0;0,0; 
463,354;443,374;683,763;703,753;0,0;0,0;
458,359;438,379;676,760;696,750;0,0;0,0;
452,365;432,385;669,758;689,748;0,0;0,0;
446,371;426,391;662,756;682,746;0,0;0,0;
440,377;420,397;655,755;675,745;0,0;0,0;
433,384;413,404;648,754;668,744;0,0;0,0;
426,391;406,411;641,752;661,742;0,0;0,0;
419,398;399,418;634,751;654,741;0,0;0,0; 
412,405;392,425;627,750;647,740;0,0;0,0;                                                              
405,412;385,432;620,748;640,738;0,0;0,0;                                                                                                       
398,419;378,439;613,747;633,737;0,0;0,0;
391,426;371,446;606,746;626,736;0,0;0,0;
384,433;364,453;599,745;619,735;0,0;0,0;
377,440;357,460;592,744;612,734;0,0;0,0;        
370,447;350,467;585,743;605,733;0,0;0,0;                                                                               
363,454;343,474;578,742;598,732;0,0;0,0;                                                                                                                      
356,461;337,478;578,742;592,725;0,0;0,0;                                                                                                                                                     
349,466;332,482;578,742;587,717;978,10;0,0;                                                                                                                                                            
342,468;323,484;0,0;577,714;972,16;0,0;                                                                                                                     
333,468;314,485;0,0;567,712;966,22;0,0;                                                                                                
324,468;307,485;0,0;561,717;960,28;0,0;                                                                                                                                                                                                        
315,468;300,485;0,0;560,725;954,34;0,0;
305,468;293,486;0,0;560,733;948,40;0,0;
295,468;285,488;0,0;560,741;942,46;0,0;                                                                                                                                                                  
285,472;278,490;0,0;561,749;936,52;0,0;
280,480;271,492;0,0;561,757;930,58;0,0;                                                                                                                                         
279,489;264,494;0,0;562,764;924,64;0,0;
278,498;258,494;0,0;563,770;918,70;0,0;
278,505;249,495;0,0;567,776;912,76;0,0;                                                                                               
277,512;240,497;0,0;571,782;906,82;0,0;                                                                                                                          272,521;231,496;0,0;575,788;900,88;0,0;                                                                                                     
266,529;222,505;0,0;579,794;894,94;0,0;                                                                                                                                                              
262,533;217,510;0,0;583,802;888,100;0,0;                                                                       
257,536;212,515;0,0;591,804;882,106;0,0;
251,539;206,521;0,0;600,805;876,112;0,0;                                                                                                                                                                        
241,541;201,526;0,0;609,805;870,118;0,0;
231,542;196,531;0,0;618,805;864,124;0,0;
223,542;190,537;0,0;627,806;858,130;0,0;
215,543;184,543;0,0;636,808;852,136;0,0;                                                                                          
207,543;179,548;0,0;638,813;846,142;0,0;                                                                                                                      
199,544;174,550;0,0;640,818;840,148;0,0;                                                                                 
191,544;168,552;0,0;642,824;834,154;0,0;
183,544;162,550;0,0;644,829;828,160;0,0;
175,545;156,548;0,0;646,835;822,166;0,0;                                                                                            
167,545;151,543;0,0;648,840;816,172;0,0;
159,546;145,537;0,0;650,846;810,178;0,0;
151,546;140,532;0,0;652,851;804,184;0,0;
143,547;134,526;0,0;654,857;798,190;0,0;
135,547;128,520;0,0;656,862;792,196;0,0;                                                                                      
128,548;122,518;0,0;658,868;786,202;628,10;                                                                  
120,548;116,516;0,0;660,873;780,208;622,16;
113,549;110,518;0,0;662,879;774,214;616,22;
105,549;104,520;0,0;664,884;768,220;610,28;                                                                                          
98,550;98,534;0,0;666,890;762,226;604,34;         

